Host,business/finance,education/research,entertainment,health/medical,news/press,politics/government/law,sports,tech/science
27997,0.3005813935441631,0.10842216401828776,0.2958140712283555,0.04582514017482684,0.024946124615411652,0.0672031625857751,0.028963138329115217,0.1282448055040649
9316,0.3088763687231249,0.09869217563801015,0.2733531139020139,0.04140206346205003,0.03292732761765591,0.08543960322216458,0.021686093436672674,0.13762325399830794
27045,0.30225276653301403,0.10660404056031526,0.29119781318783,0.04628710270116244,0.026161989196135785,0.06988315472354825,0.027632678819721875,0.1299804542782724
19805,0.3063626602213446,0.09920986097989987,0.2722545238102969,0.04795098172977246,0.03203043899008818,0.08272358866782152,0.021731050502163413,0.13773689509861306
26580,0.30382186394813787,0.10477792862801309,0.2865483670633555,0.04673655970761591,0.02742704281817761,0.07264334613332513,0.026353658135635297,0.13169123356573964
16886,0.299175123989848,0.10997489028983261,0.3006601010839418,0.04313517499160593,0.024295377046948705,0.06609118944988585,0.029485893274094444,0.12718224987384272
27931,0.30225276653301403,0.10660404056031526,0.29119781318783,0.04628710270116244,0.026161989196135785,0.06988315472354825,0.027632678819721875,0.1299804542782724
8977,0.30245687124297116,0.10911715477693781,0.3029346656872317,0.03368792897130616,0.02554510459298423,0.07008947654462064,0.028819039764316833,0.12734975841963142
20285,0.3001472703753813,0.10860248421832305,0.2962488336599968,0.04581856789489909,0.024908742188357185,0.06715814874929467,0.02882035181747338,0.1282956010962745
2427,0.3056919142027844,0.10230027367530849,0.28050840308478253,0.04648627586999099,0.02938441547672822,0.0770101277993668,0.02444766382036308,0.13417092607067552
1324,0.29927403633958993,0.10950922381401978,0.29854564982179527,0.04558292098319139,0.024319615192490356,0.06584852621452159,0.029501855479057024,0.1274181721553348
25006,0.302956536338882,0.1077742404778112,0.29766595164020254,0.03765554744256257,0.026161520183453635,0.07095293533260971,0.027941565835643372,0.12889170274883494
13134,0.3118919900741269,0.0789156488440834,0.22270695146289216,0.0393676963000653,0.05382983452121884,0.1284884142076902,0.011756697702286224,0.15304276688763696
11834,0.3005813935441631,0.10842216401828776,0.2958140712283555,0.04582514017482684,0.024946124615411652,0.0672031625857751,0.028963138329115217,0.1282448055040649
19930,0.30225276653301403,0.10660404056031526,0.29119781318783,0.04628710270116244,0.026161989196135785,0.06988315472354825,0.027632678819721875,0.1299804542782724
12212,0.31094940814635436,0.08556107081900569,0.23991104617690198,0.040147411568112225,0.04633640658008569,0.11384613184505578,0.013961543651473294,0.14928698121301104
14062,0.3126967097286315,0.08909986101382811,0.2461339303782314,0.04997111775866525,0.04035421292899437,0.09944529123446035,0.01734935054804937,0.14494952640913972
18965,0.30847266840132403,0.09834072087790384,0.2700594742271531,0.048202817264709735,0.03226152131074831,0.08294774909602155,0.022260284108742447,0.13745476471339693
10744,0.30225276653301403,0.10660404056031526,0.29119781318783,0.04628710270116244,0.026161989196135785,0.06988315472354825,0.027632678819721875,0.1299804542782724
20664,0.3030502585715172,0.10569190892649906,0.2888770418756393,0.04651343077000197,0.026788282975386123,0.0712531676150844,0.02698683496543069,0.13083907430044134
17021,0.3137770618319856,0.0835828388742975,0.23171419289888093,0.050823077205806845,0.045937273168277344,0.11035852897487794,0.014869235552159136,0.14893779149371464
8212,0.2993356871296931,0.10955972708850743,0.2988395909137029,0.045149136204605186,0.024322035126680307,0.06589914098455919,0.029524801715770856,0.1273698808364811
20736,0.3045672704505912,0.10386224786449105,0.28421218275973315,0.04695641693154819,0.028078437301529695,0.07405379981406714,0.025732957636359504,0.1325366872416801
11963,0.26132066991284886,0.12117188368572442,0.3324066303411337,0.03147350212136964,0.025935676683238575,0.07571875064202029,0.013848699104252677,0.13812418750941177
12970,0.3031959777871391,0.07878343447528305,0.22335694389404365,0.03521146594977336,0.05677664709514712,0.13682422457297638,0.009594117152887376,0.15625718907275
19053,0.2665827402531237,0.12012093694592944,0.32323356606525516,0.04550833058733157,0.023951116747016405,0.06816493255424062,0.017125749409532123,0.1353126274375709
20877,0.3045672704505912,0.10386224786449105,0.28421218275973315,0.04695641693154819,0.028078437301529695,0.07405379981406714,0.025732957636359504,0.1325366872416801
6688,0.3076391816552622,0.07275667317220319,0.20330125882446992,0.05036988289395589,0.060387553099719216,0.13841867014203596,0.009695942517783556,0.15743083769457017
1485,0.272073735576579,0.06984647493325388,0.19464225945124716,0.047559982378163106,0.0728296978933383,0.16822631247718653,0.004388846504373845,0.1704326907858583
9915,0.29972067365506133,0.10826785388857714,0.2966479856092416,0.042658823934836686,0.025909692010577072,0.07000586038772204,0.02686772424787906,0.12992138626610505
2785,0.3034521903696306,0.10452215171826645,0.286251275292707,0.045759974799179426,0.027963136332257138,0.07406547211229748,0.025409884383851628,0.13257591499181026
20128,0.30382186394813787,0.10477792862801309,0.2865483670633555,0.04673655970761591,0.02742704281817761,0.07264334613332513,0.026353658135635297,0.13169123356573964
12295,0.30371871300137687,0.10422514342641487,0.28513237031270794,0.04683316814202039,0.027996420227265957,0.07397247116071805,0.02548606494678689,0.132635648782709
14567,0.30382186394813787,0.10477792862801309,0.2865483670633555,0.04673655970761591,0.02742704281817761,0.07264334613332513,0.026353658135635297,0.13169123356573964
25052,0.30106037378946315,0.10774408686488719,0.29423499348862797,0.04561341091619737,0.025512586740271306,0.06854084471208828,0.028174178951387064,0.1291195245370777
25689,0.30955154789666345,0.09649328258428302,0.2652997233364457,0.04858886067130642,0.03376452279612684,0.08607865938566782,0.021194158226929664,0.13902924510257714
18873,0.30027096571298534,0.10925674064969246,0.29949937790698494,0.04172773198752074,0.02489179825563014,0.06760762531259164,0.028892129319787588,0.1278536308548073
18451,0.3104372469635966,0.08610940378565854,0.23879365920089507,0.04831497273469722,0.04445718559063258,0.10842671377008015,0.014677215804902272,0.14878360214953762
8422,0.3042763545891527,0.10273754282547597,0.2813050579144018,0.04719529808962992,0.02924863961887534,0.07676182831342712,0.02405815696672478,0.13441712168231232
9199,0.3126967097286315,0.08909986101382811,0.2461339303782314,0.04997111775866525,0.04035421292899437,0.09944529123446035,0.01734935054804937,0.14494952640913972
9941,0.29970815861667444,0.1093278584910794,0.2981087720686243,0.045589651447879055,0.02435621604069305,0.06589293974240719,0.02964814326156617,0.12736826033107637
20517,0.3014297045317672,0.10751417512205062,0.29351028736952683,0.046057648225952603,0.02554799270323685,0.06853319286676535,0.028291381986814124,0.12911561719388645
12718,0.29382417920805504,0.1007013287135474,0.2758079991443948,0.04691578464148347,0.03404344004076763,0.08891845178429378,0.01614926445557149,0.14363955201188633
1681,0.2998875602454224,0.10955758636219959,0.30201536205835794,0.03767803248924977,0.025352699888545622,0.06930776053066083,0.027892380516057677,0.1283086179095062
4828,0.3060127428908685,0.10071493696415702,0.2761406489262593,0.04763535404115597,0.03068046822084246,0.07977087212074982,0.023036216102397644,0.13600876073356927
22986,0.30382186394813787,0.10477792862801309,0.2865483670633555,0.04673655970761591,0.02742704281817761,0.07264334613332513,0.026353658135635297,0.13169123356573964
423,0.30847266840132403,0.09834072087790384,0.2700594742271531,0.048202817264709735,0.03226152131074831,0.08294774909602155,0.022260284108742447,0.13745476471339693
19294,0.30320572790271316,0.10446226177080166,0.2884815693129577,0.03963419970445648,0.029081457266287362,0.07757796706587261,0.023804046254594296,0.13375277072231667
6354,0.3111944180135818,0.06558414955258206,0.19108096085140955,0.026922391570835445,0.07333093286712292,0.16770013885480034,0.008325678711738175,0.15586132957792978
4086,0.30225276653301403,0.10660404056031526,0.29119781318783,0.04628710270116244,0.026161989196135785,0.06988315472354825,0.027632678819721875,0.1299804542782724
3146,0.3012547862046827,0.09675895501985488,0.2655689566977173,0.04873857848284935,0.03569168783477351,0.09132208054677342,0.0170828922430184,0.14358206297033035
8759,0.3117013753185319,0.08797493259676332,0.2433805719859966,0.049324167968619936,0.041935025088264063,0.10294600726028956,0.01619905328255018,0.14653886649898432
1358,0.3121711141418702,0.0861729830697057,0.23880252953634806,0.04913824103653856,0.04379697778863889,0.10667983636990247,0.015401428779111418,0.1478368892778847
8466,0.3110354894642935,0.06922852835983187,0.19374482250043085,0.052219624383630495,0.06374260859446018,0.143084125013326,0.009679007612953528,0.15726579407107363
12664,0.30480414945324225,0.073183846608361,0.20492247586512713,0.047749866625124864,0.06103777076416946,0.14079118129436596,0.009129529599767141,0.1583811797898422
13113,0.2899414615992201,0.057905533142371485,0.16409185246712382,0.04580593845756314,0.08648156721114171,0.18599514443673754,0.005120868094399138,0.16465763459144314
24532,0.29636320033238733,0.11089040383468782,0.3022482649194353,0.04458979610846287,0.024068311045177267,0.06564361139839286,0.02854414207625045,0.1276522702852062
26881,0.3030502585715172,0.10569190892649906,0.2888770418756393,0.04651343077000197,0.026788282975386123,0.0712531676150844,0.02698683496543069,0.13083907430044134
20970,0.3109534610680977,0.0937196377445248,0.25813140572328674,0.04913841422875099,0.03612536604015072,0.09093264186841193,0.019675798066888083,0.14132327525988905
5951,0.22651602322930525,0.11493395137872588,0.31216246563317895,0.034612513352468455,0.037013194740113435,0.10721410952847987,0.0042497067673864745,0.16329803537034168
2547,0.3030502585715172,0.10569190892649906,0.2888770418756393,0.04651343077000197,0.026788282975386123,0.0712531676150844,0.02698683496543069,0.13083907430044134
254,0.30597826169177605,0.1020263765691229,0.27951886323961256,0.04738602684713286,0.02941980290202564,0.07693594438257909,0.024528230937346858,0.13420649343040408
9824,0.30847266840132403,0.09834072087790384,0.2700594742271531,0.048202817264709735,0.03226152131074831,0.08294774909602155,0.022260284108742447,0.13745476471339693
27314,0.31274185293303014,0.08510541619810202,0.23604976026677282,0.04919426405030711,0.044810837670184685,0.10860928070750757,0.015083388049793334,0.1484052001243023
13643,0.3005813935441631,0.10842216401828776,0.2958140712283555,0.04582514017482684,0.024946124615411652,0.0672031625857751,0.028963138329115217,0.1282448055040649
7998,0.29954746395671566,0.07482586795163966,0.20864969585394483,0.04922414761839693,0.05996293761393392,0.13951638023400062,0.008557878776910666,0.15971562799445765
6742,0.3022976268244932,0.10564021133369264,0.289155692937481,0.045339561509083554,0.02727443797731073,0.07263092905960032,0.02590345385221481,0.13175808650612367
25525,0.30225276653301403,0.10660404056031526,0.29119781318783,0.04628710270116244,0.026161989196135785,0.06988315472354825,0.027632678819721875,0.1299804542782724
26065,0.30304098380155725,0.10519362010391646,0.2877621872702669,0.04617077773032151,0.027349937288823532,0.07262010659466868,0.02612138585942096,0.13174100135102468
997,0.2975819272379818,0.09562093369143886,0.2699911349498586,0.02964919617217441,0.04056520185429645,0.10629859887880427,0.013453836190900353,0.14683917102454533
12263,0.31188147509581343,0.08942722587521298,0.24697515660629663,0.04984890235166675,0.0402435607081354,0.09935390740583602,0.017185977978388226,0.14508379397865068
61,0.29616206567863224,0.054037382511898546,0.15675537242026907,0.03301430402967311,0.09385861138365437,0.20031592385873967,0.0053032820438209905,0.160553058073312
25885,0.3126967097286315,0.08909986101382811,0.2461339303782314,0.04997111775866525,0.04035421292899437,0.09944529123446035,0.01734935054804937,0.14494952640913972
2671,0.3014297045317672,0.10751417512205062,0.29351028736952683,0.046057648225952603,0.02554799270323685,0.06853319286676535,0.028291381986814124,0.12911561719388645
10244,0.3074602538284691,0.09943318727545324,0.2728454276077929,0.04799943384774746,0.031485007271109054,0.08136287697534897,0.02269863593819174,0.1367151772558876
11011,0.30316332491834447,0.10480663096953488,0.28730659360803046,0.04479911744544492,0.027928431746656993,0.07414438033740015,0.025329029088610767,0.13252249188597734
346,0.3109379508777615,0.09295698388089083,0.25613282786215386,0.04931044028836609,0.03688898796267097,0.09253843398837869,0.019097505275282096,0.142136869864496
21405,0.3017537848836813,0.0993144175203593,0.302410480281647,0.007225627429392838,0.03651818652088289,0.10553150939188839,0.018221928086581473,0.12902406588556675
20226,0.30225276653301403,0.10660404056031526,0.29119781318783,0.04628710270116244,0.026161989196135785,0.06988315472354825,0.027632678819721875,0.1299804542782724
24838,0.3005813935441631,0.10842216401828776,0.2958140712283555,0.04582514017482684,0.024946124615411652,0.0672031625857751,0.028963138329115217,0.1282448055040649
5742,0.27042200305114605,0.076908819043776,0.21432741959682053,0.04281176860920259,0.06504030585343387,0.15637942751825726,0.0047667005046178375,0.16934355582274588
4758,0.2988707277631843,0.10971596245754013,0.2991297227450637,0.04535872254966487,0.02428422917726223,0.06582929719590618,0.02936764539390983,0.12744369271746872
15401,0.2962064845008097,0.07772675981996362,0.21558979962177163,0.05127055729266289,0.05685277681620817,0.13399596231936317,0.008620288665327167,0.15973737096389376
10797,0.3014014813065282,0.1069732591437768,0.29213172394692516,0.046164205213561196,0.026084775907085044,0.06980428122154507,0.02736672622947147,0.130073547031107
21942,0.29970815861667444,0.1093278584910794,0.2981087720686243,0.045589651447879055,0.02435621604069305,0.06589293974240719,0.02964814326156617,0.12736826033107637
23539,0.30919347525678953,0.09589962103633726,0.2637216077041115,0.04876844033892613,0.034438205214366996,0.08756963410114903,0.020476739851967893,0.13993227649635165
4098,0.304204885099975,0.10408804207165363,0.28492403680322115,0.046505160252413934,0.028040519053749,0.07406469501894923,0.025627262379428275,0.13254539932060988
18289,0.30030653575881144,0.10782204427910608,0.2979503996512725,0.03710186279980613,0.027024618272812308,0.0733980997881521,0.02541065558407958,0.13098578386596005
15969,0.30256732983938883,0.10534036666290802,0.2880200898593996,0.046422428289128376,0.027307401839101894,0.07253903523508719,0.02598085566221647,0.13182249261276957
3905,0.2921355889980713,0.06626855075139931,0.186568948084121,0.04560014493286688,0.07359199882469603,0.16548584876541156,0.006108918474975425,0.16424000116845852
21989,0.3014297045317672,0.10751417512205062,0.29351028736952683,0.046057648225952603,0.02554799270323685,0.06853319286676535,0.028291381986814124,0.12911561719388645
26547,0.3125409125909153,0.08342533102072722,0.23164420624858323,0.049347478153564404,0.046701431022490185,0.11234402797344893,0.014253516366251683,0.14974309662401902
25153,0.2616296031089091,0.036347782119602254,0.10447516582670503,0.047115301814602516,0.13510514139759175,0.2537514544010242,0.00250470485392751,0.15907084647763767
9706,0.1587891062372761,0.0912320872460203,0.5866740906529364,2.5624642457769596e-09,0.010383604206196093,0.08536728235778784,0.041778400929005324,0.025775425808313768
11655,0.29214031546889274,0.1091534505682654,0.29895053450266945,0.04171631734696758,0.02742111435330488,0.07456450318247931,0.021649589626426168,0.13440417495099435
10887,0.22358296586806248,0.026989618120391804,0.0783202090818737,0.04113230943776783,0.17183185568846154,0.30453953032266645,0.0012022313544442977,0.15240128012633203
19087,0.3006378531802791,0.10166458489776163,0.28625741827158546,0.029047943133418703,0.03395075201546771,0.09114522969140268,0.01819945004590546,0.13909676876417926
22570,0.3030502585715172,0.10569190892649906,0.2888770418756393,0.04651343077000197,0.026788282975386123,0.0712531676150844,0.02698683496543069,0.13083907430044134
16588,0.30942403615051456,0.0771872075491551,0.21521604128930932,0.049470573336572655,0.054674055898350865,0.1280017897921396,0.011168243559331022,0.15485805242462689
19524,0.3030502585715172,0.10569190892649906,0.2888770418756393,0.04651343077000197,0.026788282975386123,0.0712531676150844,0.02698683496543069,0.13083907430044134
27327,0.30832634726425895,0.08462736415925358,0.23545626625796395,0.046213579338150984,0.04698396125766639,0.11421661463189842,0.013187510855920619,0.15098835623488707
9802,0.21789138459319565,0.06761743867803302,0.18743159274114563,0.04047674687096244,0.08802464803069367,0.21063750233329354,0.0013215867878790368,0.18659909996479712
15658,0.30225276653301403,0.10660404056031526,0.29119781318783,0.04628710270116244,0.026161989196135785,0.06988315472354825,0.027632678819721875,0.1299804542782724
26686,0.3030502585715172,0.10569190892649906,0.2888770418756393,0.04651343077000197,0.026788282975386123,0.0712531676150844,0.02698683496543069,0.13083907430044134
27649,0.30225276653301403,0.10660404056031526,0.29119781318783,0.04628710270116244,0.026161989196135785,0.06988315472354825,0.027632678819721875,0.1299804542782724
21404,0.3051136649424799,0.10237226598722128,0.28035818459044165,0.047375323653250465,0.029333484505001527,0.07683759707008449,0.02428846238897188,0.13432101686254883
4928,0.29721226865851624,0.11210386132494092,0.3387247241488176,0.006794417790850583,0.02467086476601607,0.07551277877969748,0.030962426894431974,0.11401865763672907
8701,0.3077634000386579,0.09963283561968667,0.2739658238854932,0.04620568975050467,0.031502630120388245,0.08162651212752238,0.022773016411917896,0.1365300920458291
9444,0.3111108398893071,0.09305613385964741,0.2566743762861645,0.04838335366097297,0.03690163976388697,0.09269408746932804,0.019129977303973637,0.14204959176671947
21570,0.3025069078547078,0.10629554730601586,0.29117517654913005,0.04433217210697299,0.02672311677501313,0.07143637442963519,0.02682725968738626,0.13070344529113873
6154,0.3126967097286315,0.08909986101382811,0.2461339303782314,0.04997111775866525,0.04035421292899437,0.09944529123446035,0.01734935054804937,0.14494952640913972
10861,0.30382186394813787,0.10477792862801309,0.2865483670633555,0.04673655970761591,0.02742704281817761,0.07264334613332513,0.026353658135635297,0.13169123356573964
10233,0.3052861705653606,0.10294501460570145,0.28186888329112925,0.04717293003937153,0.02874263470354522,0.0754846329466357,0.025124544386874944,0.1333751894613813
6066,0.30728083243946686,0.10018547563399874,0.2748002406148867,0.0478016841552915,0.0308137205715479,0.0799003692286811,0.023371161890528645,0.13584651546559848
18155,0.3130728278510294,0.08205167915378528,0.22765067461817468,0.051069776048232346,0.047797115760257275,0.11404548240537912,0.013977989668876081,0.15033445449426572
6871,0.3019638034251455,0.10305154005021337,0.28204252029153887,0.04708319174366035,0.02962975310345972,0.0779163934214075,0.022701692576064893,0.1356111053885099
3553,0.2902110096595064,0.0509252697877623,0.14542257921536117,0.04505555268988736,0.0983002034502533,0.2027760296329084,0.004696250054932718,0.16261310550938832
16463,0.3001472703753813,0.10860248421832305,0.2962488336599968,0.04581856789489909,0.024908742188357185,0.06715814874929467,0.02882035181747338,0.1282956010962745
25967,0.31126133420884583,0.07560890900694493,0.2112233557909033,0.04920531110845012,0.05617807490417461,0.1304868499531906,0.011140699231797292,0.15489546579569347
15172,0.30718644637411796,0.06775526841082294,0.19157363334831262,0.04389705296019829,0.068302703788164,0.153914389401093,0.008399020524917287,0.15897148519237395
2591,0.2993519298170608,0.10902232529903962,0.2974607009736582,0.04529714128151297,0.02483695338818102,0.06712815717845104,0.02856269759513022,0.12834009446696618
12863,0.3030502585715172,0.10569190892649906,0.2888770418756393,0.04651343077000197,0.026788282975386123,0.0712531676150844,0.02698683496543069,0.13083907430044134
8090,0.3012072370704774,0.10675417942889084,0.3292771241902106,0.005086508908471918,0.02826791238353768,0.08611581261121537,0.02739456307692938,0.11589666233026671
21348,0.29600413909774015,0.10111704295878463,0.27655211601920376,0.0481455299146052,0.03291023653307436,0.08592098323232558,0.01759927284612319,0.14175067939814326
21588,0.3005813935441631,0.10842216401828776,0.2958140712283555,0.04582514017482684,0.024946124615411652,0.0672031625857751,0.028963138329115217,0.1282448055040649
23497,0.3100479617713728,0.09556892111760858,0.26291371540606634,0.04877604901509823,0.0345371310452757,0.08767558956763333,0.02067743492595458,0.13980319715099035
11245,0.30597826169177605,0.1020263765691229,0.27951886323961256,0.04738602684713286,0.02941980290202564,0.07693594438257909,0.024528230937346858,0.13420649343040408
19097,0.2648788943902323,0.10097074304104643,0.2747338724856839,0.047156920390095156,0.04014641244922637,0.10631725414113584,0.007804712130631219,0.15799119097194875
9062,0.3014297045317672,0.10751417512205062,0.29351028736952683,0.046057648225952603,0.02554799270323685,0.06853319286676535,0.028291381986814124,0.12911561719388645
11896,0.3107375967212103,0.09066406757021629,0.25012997432126005,0.04974470950913111,0.03925811767772144,0.09748655990156674,0.01745522972498594,0.14452374457390815
11336,0.30382186394813787,0.10477792862801309,0.2865483670633555,0.04673655970761591,0.02742704281817761,0.07264334613332513,0.026353658135635297,0.13169123356573964
14563,0.3028112967852899,0.10998601203550737,0.30960839966354853,0.02603548329034644,0.025502975416013443,0.07122521161636236,0.02929311052632789,0.12553751066660412
7410,0.25245226698025425,0.12108463569400937,0.34266997075826255,0.01737133901596132,0.028784870030015303,0.08730852664288445,0.01035326842247506,0.13997512245613764
19408,0.3131812246603894,0.0872563087152819,0.24132648252043715,0.050273540872717896,0.0421522509545695,0.10299857826212534,0.01648636111202308,0.14632525290245565
2586,0.3032489052885987,0.09825078768222456,0.26953265293084616,0.04845848106654419,0.03374850524668844,0.08684923727038668,0.019129365363837834,0.14078206515087335
15151,0.30728083243946686,0.10018547563399874,0.2748002406148867,0.0478016841552915,0.0308137205715479,0.0799003692286811,0.023371161890528645,0.13584651546559848
3504,0.3030502585715172,0.10569190892649906,0.2888770418756393,0.04651343077000197,0.026788282975386123,0.0712531676150844,0.02698683496543069,0.13083907430044134
10419,0.15295137593547886,0.01161084401062218,0.03454603383806825,0.030048869312139372,0.26146476756605663,0.39060071470015645,0.00031596585896827707,0.11846142877851006
17618,0.3030502585715172,0.10569190892649906,0.2888770418756393,0.04651343077000197,0.026788282975386123,0.0712531676150844,0.02698683496543069,0.13083907430044134
13560,0.31008911231141995,0.09480852849361925,0.26092574999449847,0.048955744749679925,0.035273620883658825,0.08924015827241363,0.020073367916400506,0.14063371737830954
13984,0.29172745599478994,0.11190801405650942,0.3049686389611457,0.04368508407882069,0.0246813050784959,0.06771570003313727,0.025339029213694297,0.12997477258340673
9819,0.2381102672081707,0.04448995324884931,0.1258512517414947,0.04642692670375379,0.12226788136397855,0.24922494925900163,0.0016394557342370897,0.17198931474051427
23949,0.3090263627501658,0.09741726426814086,0.2676817744539961,0.04839776025010832,0.033006040225606645,0.0845027310250492,0.021721716074775382,0.1382463509521578
15002,0.25494758980762566,0.10445727450519311,0.30058577525746966,0.015838071260666577,0.04233594547988864,0.12158102561740895,0.006283232038427598,0.1539710860333198
3875,0.3075381798765987,0.09948376297657437,0.273127021363152,0.04754490801288542,0.03148963399502043,0.08142927973538532,0.022717368359947924,0.1366698456804359
26471,0.2978055145706504,0.11105508497546013,0.3045844689425295,0.04008027658160302,0.02415938319517945,0.06627500424228934,0.029068938125958205,0.12697132936632993
19885,0.30398777139405664,0.10346714208377829,0.2831344177615035,0.047156118120653984,0.028615726373463178,0.07533861465249325,0.024756613828477575,0.1335435957855735
5756,0.30684969431367276,0.10035623793641162,0.27521547434087584,0.04779680053714071,0.030768814946103017,0.07985014527382847,0.023256903083787858,0.1359059295681798
18070,0.2660206809580884,0.0753320046887398,0.20835451017958792,0.04899995830727687,0.06680404020832295,0.1586859579861955,0.004306534966129939,0.1714963127056586
6783,0.30361466188553277,0.10886998772153433,0.31831469040575117,0.013346687096357264,0.027032936994350845,0.07815514514547808,0.028145006646832896,0.12252088410416258
15975,0.3018188429186109,0.10678226162306853,0.2916283162761028,0.04628086491720202,0.02612301096585195,0.06983695050786118,0.02749668948940951,0.13003306330189307
14779,0.3052861705653606,0.10294501460570145,0.28186888329112925,0.04717293003937153,0.02874263470354522,0.0754846329466357,0.025124544386874944,0.1333751894613813
19237,0.3049964581565124,0.10322001987351156,0.2828630211540981,0.046276616450890574,0.028707684120432467,0.07555642293654236,0.025041689123053313,0.1333380881849593
26473,0.23425218820204424,0.03480264256211713,0.0995985455954689,0.0455434751780832,0.14571239308998332,0.2757528511120195,0.0014667653544131953,0.1628711389058705
21311,0.30056150736603854,0.10787276413721565,0.29437550671921375,0.046044724519248785,0.02547163993331248,0.06844184019355569,0.028013294366387366,0.12921872276502772
27551,0.2996013006877915,0.10991237717891328,0.30360713439959297,0.03616264419030238,0.02531569650658759,0.06946066146725956,0.02783582424504192,0.12810436132451072
2705,0.30769219820883414,0.09872854450734564,0.2711615914158071,0.0477376309236562,0.03217297377179298,0.08291288710139619,0.02206182369992149,0.13753235037124628
12514,0.3014297045317672,0.10751417512205062,0.29351028736952683,0.046057648225952603,0.02554799270323685,0.06853319286676535,0.028291381986814124,0.12911561719388645
26485,0.20335865155724703,0.11475312017212805,0.30354789424297024,0.04860825022010967,0.039321263503519055,0.11359153615037962,0.002405686958107479,0.17441359719553884
8906,0.199823160617801,0.02449057794215039,0.07065962244692112,0.042273952301074884,0.1853162946383152,0.32469756721301485,0.0007395498840589683,0.1519992749566634
674,0.30705763938308017,0.10241487908069152,0.2837030978952234,0.039017512995064174,0.030080987866711557,0.07955862463889464,0.02409312101527791,0.13407413712505659
9391,0.30225276653301403,0.10660404056031526,0.29119781318783,0.04628710270116244,0.026161989196135785,0.06988315472354825,0.027632678819721875,0.1299804542782724
7712,0.30099564765225045,0.10769344729995428,0.29394292512020853,0.046051240192247184,0.025509817816289356,0.06848758201373831,0.028152027985424946,0.1291673119198869
17681,0.30392466080363806,0.09103733513941849,0.25116145216662816,0.0484573628189392,0.040838934910104124,0.10196804727171138,0.014794478264959807,0.1478177286246007
15221,0.30789073337747985,0.09926350670202837,0.27243242791024463,0.04800410173727549,0.03153080284792326,0.08141365142134083,0.022810039689715633,0.13665473631399194
11436,0.2993827215762644,0.10904744716945666,0.2976070615516992,0.045081087426164075,0.024838185739032282,0.0671539424165174,0.028573799496318174,0.12831575462454783
23356,0.30515432833693557,0.10483993691765901,0.28939386369042647,0.03990064420477724,0.028080155225682503,0.07496739180248953,0.02594339486738859,0.1317202849546411
25632,0.30597826169177605,0.1020263765691229,0.27951886323961256,0.04738602684713286,0.02941980290202564,0.07693594438257909,0.024528230937346858,0.13420649343040408
11684,0.29149381008974923,0.1126222895193474,0.31185523114606395,0.03273467658961352,0.02562640770438804,0.07158274739731568,0.02385824179893513,0.13022659575458692
14883,0.30112373849215895,0.10779425790180076,0.2945260068440755,0.045179537921390456,0.025515239426440604,0.06859383553712861,0.028196218563005627,0.1290711653139996
20302,0.2077187119521096,0.13657846202955032,0.37632498730202146,0.01896108393602932,0.025632641146824005,0.08353391051707003,0.005057643173753483,0.14619255994264188
21899,0.29970815861667444,0.1093278584910794,0.2981087720686243,0.045589651447879055,0.02435621604069305,0.06589293974240719,0.02964814326156617,0.12736826033107637
15954,0.30664324635810114,0.10110648119716263,0.2771625173798748,0.047595635428599785,0.030110109270477803,0.07840782734356531,0.023943831485241377,0.13503035153697726
16830,0.30225276653301403,0.10660404056031526,0.29119781318783,0.04628710270116244,0.026161989196135785,0.06988315472354825,0.027632678819721875,0.1299804542782724
12111,0.3014297045317672,0.10751417512205062,0.29351028736952683,0.046057648225952603,0.02554799270323685,0.06853319286676535,0.028291381986814124,0.12911561719388645
11862,0.3031490341140404,0.10579447210796386,0.29067718814032273,0.04245887672353936,0.02733272501582169,0.07306097919507455,0.026170026538036073,0.1313566981652014
26342,0.30664324635810114,0.10110648119716263,0.2771625173798748,0.047595635428599785,0.030110109270477803,0.07840782734356531,0.023943831485241377,0.13503035153697726
11683,0.30630847627510704,0.096325640959992,0.2647376035031912,0.04859541359494075,0.03482393311186805,0.08880432067655622,0.01922200469378193,0.1411826071845628
20741,0.30788972896996025,0.0971910061894356,0.26709901648532963,0.048284662750934376,0.033573727227044284,0.0859126598638352,0.020795000747761742,0.13925419776569892
3927,0.3030502585715172,0.10569190892649906,0.2888770418756393,0.04651343077000197,0.026788282975386123,0.0712531676150844,0.02698683496543069,0.13083907430044134
17864,0.24143029875842195,0.10972481731709394,0.4420472989308249,2.4905518989978502e-05,0.019271872773191662,0.08645297818185832,0.03160078797781805,0.0694470405418012
21896,0.2954529045117988,0.1047546602627028,0.2869382525683049,0.04459576654008807,0.030184257345254702,0.08029285325694797,0.019791301410376657,0.13799000410452616
13268,0.30202590262726065,0.10594326910946211,0.29031995370863445,0.04423118822112082,0.027240971516957438,0.07272716628699247,0.02582781128322439,0.1316837372463476
2521,0.3005813935441631,0.10842216401828776,0.2958140712283555,0.04582514017482684,0.024946124615411652,0.0672031625857751,0.028963138329115217,0.1282448055040649
27553,0.2484356712926022,0.04169632231529971,0.11988578317033155,0.03882558826823191,0.12757690323924517,0.2554267675482899,0.0019599174455528687,0.16619304672044669
7341,0.3014297045317672,0.10751417512205062,0.29351028736952683,0.046057648225952603,0.02554799270323685,0.06853319286676535,0.028291381986814124,0.12911561719388645
17027,2.398053296008656e-17,0.8079407926985521,0.19205865563560134,1.219158525533907e-10,2.1447837350618104e-17,1.6421947854457244e-12,6.061830809250681e-40,5.515422885094483e-07
23178,0.31027297685282396,0.09414548486927908,0.25947546315966896,0.0482076741834791,0.03603471885283458,0.09097671325365125,0.019518211925754463,0.14136875690250852
17738,0.30789073337747985,0.09926350670202837,0.27243242791024463,0.04800410173727549,0.03153080284792326,0.08141365142134083,0.022810039689715633,0.13665473631399194
148,0.30106037378946315,0.10774408686488719,0.29423499348862797,0.04561341091619737,0.025512586740271306,0.06854084471208828,0.028174178951387064,0.1291195245370777
9508,0.29910549733531866,0.10881985493449531,0.29744290690217123,0.044044257095560535,0.025330374765927383,0.06849816519129599,0.027562476394139716,0.12919646738109108
10373,0.3031045823422282,0.09954700148357906,0.2753255490701043,0.04130393662429466,0.03366700594056073,0.08783134109800762,0.019102238242611265,0.14011834519861402
25597,0.307739249345801,0.09792000809926062,0.26890737334635295,0.04838478727955979,0.03286321145517952,0.08434672122194652,0.021405508918133583,0.138433140333766
16300,0.294394307042224,0.11348923101639313,0.3186329864180086,0.025443762490440235,0.02476323654117936,0.0703520667676111,0.026678719164853964,0.12624569055928953
27369,0.3049626314631658,0.10182607282489758,0.2790107844152274,0.047292319726328996,0.029936586191711325,0.07824779199635702,0.023490237968311754,0.135233575414
23931,0.3052861705653606,0.10294501460570145,0.28186888329112925,0.04717293003937153,0.02874263470354522,0.0754846329466357,0.025124544386874944,0.1333751894613813
2811,0.3030502585715172,0.10569190892649906,0.2888770418756393,0.04651343077000197,0.026788282975386123,0.0712531676150844,0.02698683496543069,0.13083907430044134
27886,0.3052861705653606,0.10294501460570145,0.28186888329112925,0.04717293003937153,0.02874263470354522,0.0754846329466357,0.025124544386874944,0.1333751894613813
11216,0.3125400772411766,0.07856162670303761,0.218460688244867,0.05142551835874073,0.05189788924368318,0.12186108233548745,0.012518898997400418,0.15273421887560693
26350,0.30359202132410396,0.10510487923325548,0.287838295123881,0.045411619410592616,0.02739605249821042,0.07276735437410065,0.026286829021073006,0.13160294901478276
18496,0.3045672704505912,0.10386224786449105,0.28421218275973315,0.04695641693154819,0.028078437301529695,0.07405379981406714,0.025732957636359504,0.1325366872416801
11059,0.3014297045317672,0.10751417512205062,0.29351028736952683,0.046057648225952603,0.02554799270323685,0.06853319286676535,0.028291381986814124,0.12911561719388645
3724,0.29970815861667444,0.1093278584910794,0.2981087720686243,0.045589651447879055,0.02435621604069305,0.06589293974240719,0.02964814326156617,0.12736826033107637
23381,0.30789073337747985,0.09926350670202837,0.27243242791024463,0.04800410173727549,0.03153080284792326,0.08141365142134083,0.022810039689715633,0.13665473631399194
21234,0.3005813935441631,0.10842216401828776,0.2958140712283555,0.04582514017482684,0.024946124615411652,0.0672031625857751,0.028963138329115217,0.1282448055040649
938,0.30227861433802805,0.1097695750579673,0.3068460317811634,0.02954707540327012,0.02549199191164923,0.0706367486057807,0.02892381415927341,0.12650614874286772
4334,0.3030502585715172,0.10569190892649906,0.2888770418756393,0.04651343077000197,0.026788282975386123,0.0712531676150844,0.02698683496543069,0.13083907430044134
4069,0.30382186394813787,0.10477792862801309,0.2865483670633555,0.04673655970761591,0.02742704281817761,0.07264334613332513,0.026353658135635297,0.13169123356573964
24307,0.3056398855335624,0.10059206648849475,0.2779746671043434,0.041623978852397006,0.03189769746458568,0.08347562164286394,0.021559973318038123,0.13723610959571464
22936,0.2790701750215724,0.0535390140720896,0.1539517084116121,0.036135853847942566,0.09815701527233477,0.20979487813801656,0.0038559887608318136,0.1654953664756003
25232,0.3014297045317672,0.10751417512205062,0.29351028736952683,0.046057648225952603,0.02554799270323685,0.06853319286676535,0.028291381986814124,0.12911561719388645
15502,0.30225276653301403,0.10660404056031526,0.29119781318783,0.04628710270116244,0.026161989196135785,0.06988315472354825,0.027632678819721875,0.1299804542782724
19844,0.3062893766641976,0.09538208438453824,0.2689979135197369,0.031266864607116834,0.038461983352398935,0.10004840595207726,0.016666396621001358,0.14288697489893284
18653,0.30728083243946686,0.10018547563399874,0.2748002406148867,0.0478016841552915,0.0308137205715479,0.0799003692286811,0.023371161890528645,0.13584651546559848
4301,0.30396969063793894,0.10035119684321166,0.2754276112386526,0.046792793495823284,0.031761438625346944,0.08257614647521763,0.021143837244374714,0.1379772854394342
7442,0.27479842169142166,0.11230661402973269,0.32414197191849875,0.014796831637296323,0.03136284522095705,0.09214098115209023,0.013704981456894699,0.13674735289310855
20280,0.3001790368555403,0.10862783246913922,0.2963954796154923,0.04560016263212787,0.024910052198519564,0.06718414535334363,0.02883163962753031,0.12827165124830678
16866,0.3030502585715172,0.10569190892649906,0.2888770418756393,0.04651343077000197,0.026788282975386123,0.0712531676150844,0.02698683496543069,0.13083907430044134
6461,0.29970815861667444,0.1093278584910794,0.2981087720686243,0.045589651447879055,0.02435621604069305,0.06589293974240719,0.02964814326156617,0.12736826033107637
8166,0.30021046386493244,0.10865306255726766,0.2965418595187534,0.04538274662479912,0.024911333829460584,0.0672100752683371,0.028842898920716533,0.1282475594157331
10390,0.3050635056760934,0.10189548814479932,0.2794018478432059,0.04667682151997462,0.029942104364981095,0.07833422468193917,0.023516480490811776,0.13516952727819473
22095,0.3045672704505912,0.10386224786449105,0.28421218275973315,0.04695641693154819,0.028078437301529695,0.07405379981406714,0.025732957636359504,0.1325366872416801
24640,0.2613245866727765,0.11052500560126814,0.306463826342903,0.029639109777525874,0.03472900249208267,0.09792738988495939,0.008999379505629023,0.15039169972285532
24001,0.3020861656117953,0.10386505501965047,0.29514398740701564,0.02402226952110149,0.03197903938362648,0.08751375526912086,0.020491266593971325,0.13489846119371846
21211,0.2994672075757736,0.10968197700072879,0.3007651708066843,0.04116788430594318,0.02481883725054507,0.06758352530880414,0.0286364692830878,0.12787892846843307
15052,0.3024557770835216,0.10858025569588885,0.3015585336583069,0.03374143104996885,0.026083943603852508,0.07139920203091661,0.027880975783285723,0.12829988109425883
18884,0.30370094527354125,0.1042124000422084,0.28506023227717314,0.04694492730419998,0.027995527646763746,0.07395774491784779,0.025480933101237283,0.1326472894370284
15944,0.3030067994452607,0.10516833914192382,0.287617805167231,0.046391592178390235,0.027348308072782927,0.07259149987563482,0.02611097687810508,0.13176467924067145
15267,0.23977843824155748,0.0465864907689449,0.1317889790096543,0.04495901300023009,0.11797016866192872,0.2442085892896041,0.0017140145421661913,0.1729943064859143
18620,0.3096626077386425,0.09575938445594549,0.2634557063288861,0.048541235690645876,0.03449049508794719,0.0876591792852708,0.020585527733287555,0.13984586367937435
11754,0.11109727818094167,0.07471474073321366,0.6678804865023524,3.8288166117986634e-12,0.0067943823028233825,0.08502662231649344,0.042030603009317255,0.0124558869510294
17346,0.3075381798765987,0.09948376297657437,0.273127021363152,0.04754490801288542,0.03148963399502043,0.08142927973538532,0.022717368359947924,0.1366698456804359
16845,0.21097359268941498,0.02219932903381864,0.0647917272415566,0.04012488603475507,0.19206571641687417,0.3241976330410792,0.0009668265613107308,0.1446802889811907
13326,0.30090051525463285,0.10711480693119495,0.2935380393678738,0.043363407139219844,0.026569067930532597,0.07136797534818923,0.026348010272303192,0.13079817775605343
12083,0.29989318256193587,0.107358330256186,0.29373629995576167,0.0443208281931238,0.026483765269528857,0.07114684354116822,0.02604235337100668,0.1310183968512889
11926,0.3126967097286315,0.08909986101382811,0.2461339303782314,0.04997111775866525,0.04035421292899437,0.09944529123446035,0.01734935054804937,0.14494952640913972
23745,0.30597826169177605,0.1020263765691229,0.27951886323961256,0.04738602684713286,0.02941980290202564,0.07693594438257909,0.024528230937346858,0.13420649343040408
17892,0.30225276653301403,0.10660404056031526,0.29119781318783,0.04628710270116244,0.026161989196135785,0.06988315472354825,0.027632678819721875,0.1299804542782724
27100,0.30847266840132403,0.09834072087790384,0.2700594742271531,0.048202817264709735,0.03226152131074831,0.08294774909602155,0.022260284108742447,0.13745476471339693
